11195
990
10036
10304
11242
10507
624
10656
497
10337
11790
10306
165
501
216
507
296
11389
10912
10910
11926
11517
10465
11402
10954
10276
11450
11658
437
11995
116
11157
11242
11703
571
927
11832
10130
10227
1064
11235
231
10344
11553
10249
11414
10503
11456
10706
983
10660
10616
562
10487
10074
10718
11085
836
416
10684
11742
11286
11205
166
11420
10815
10943
10496
10895
617
10226
357
11966
10261
11860
11407
11629
348
793
10003
11503
677
111
108
10976
147
10534
10827
11341
11137
11413
435
11991
10131
11350
481
11284
674
11881
10309
154
10077
10152
10747
10819
10720
10721
10400
10667
787
