10954
11995
10226
00501
10815
11286
11629
11860
10720
10895
11991
11414
00793
10227
10507
11503
11966
11235
11402
11926
11350
00154
00296
00435
00927
10487
10976
00617
11242
11242
11742
10660
11205
11553
00624
10503
11085
00677
10276
10344
00416
10309
11195
00165
10077
10706
11413
11881
10152
10249
10656
10718
10747
11157
11389
00111
00231
00437
00481
00497
10131
10534
11456
11790
00108
00507
00787
00836
00983
10074
10667
10684
10827
00562
00990
10130
10261
10616
1064
10819
11658
11832
00147
00166
00357
00674
10306
11137
11517
00216
10496
11284
00348
10304
00116
00571
10003
10036
10337
10400
10465
10721
10910
10912
10943
11341
11407
11420
11450
11703
